%YAML:1.0

DH_KE0210010102:
  SN: "KE0210010102"
  TYPE: "DHCamera"
  CONFIG: "../config/cameras/KE0210010102.txt"
  LEN: "DH_139_210U3C_40_120MMF28"

HV_00F02724098:
  SN: "00F02724098"
  TYPE: "HikCamera"
  CONFIG: "../config/cameras/MV-CA003-21UC_00F02724098.mfs"
  LEN: "HV_003_C28_120MMF28"
